Multiplication table for Z_18:
*	1	2	3	4	5	6	7	8	9	10	11	12	13	14	15	16	17	
1	1	2	3	4	5	6	7	8	9	10	11	12	13	14	15	16	17	
2	2	4	6	8	10	12	14	16	0	2	4	6	8	10	12	14	16	
3	3	6	9	12	15	0	3	6	9	12	15	0	3	6	9	12	15	
4	4	8	12	16	2	6	10	14	0	4	8	12	16	2	6	10	14	
5	5	10	15	2	7	12	17	4	9	14	1	6	11	16	3	8	13	
6	6	12	0	6	12	0	6	12	0	6	12	0	6	12	0	6	12	
7	7	14	3	10	17	6	13	2	9	16	5	12	1	8	15	4	11	
8	8	16	6	14	4	12	2	10	0	8	16	6	14	4	12	2	10	
9	9	0	9	0	9	0	9	0	9	0	9	0	9	0	9	0	9	
10	10	2	12	4	14	6	16	8	0	10	2	12	4	14	6	16	8	
11	11	4	15	8	1	12	5	16	9	2	13	6	17	10	3	14	7	
12	12	6	0	12	6	0	12	6	0	12	6	0	12	6	0	12	6	
13	13	8	3	16	11	6	1	14	9	4	17	12	7	2	15	10	5	
14	14	10	6	2	16	12	8	4	0	14	10	6	2	16	12	8	4	
15	15	12	9	6	3	0	15	12	9	6	3	0	15	12	9	6	3	
16	16	14	12	10	8	6	4	2	0	16	14	12	10	8	6	4	2	
17	17	16	15	14	13	12	11	10	9	8	7	6	5	4	3	2	1	
Multiplication table for Z_25:
*	1	2	3	4	5	6	7	8	9	10	11	12	13	14	15	16	17	18	19	20	21	22	23	24	
1	1	2	3	4	5	6	7	8	9	10	11	12	13	14	15	16	17	18	19	20	21	22	23	24	
2	2	4	6	8	10	12	14	16	18	20	22	24	1	3	5	7	9	11	13	15	17	19	21	23	
3	3	6	9	12	15	18	21	24	2	5	8	11	14	17	20	23	1	4	7	10	13	16	19	22	
4	4	8	12	16	20	24	3	7	11	15	19	23	2	6	10	14	18	22	1	5	9	13	17	21	
5	5	10	15	20	0	5	10	15	20	0	5	10	15	20	0	5	10	15	20	0	5	10	15	20	
6	6	12	18	24	5	11	17	23	4	10	16	22	3	9	15	21	2	8	14	20	1	7	13	19	
7	7	14	21	3	10	17	24	6	13	20	2	9	16	23	5	12	19	1	8	15	22	4	11	18	
8	8	16	24	7	15	23	6	14	22	5	13	21	4	12	20	3	11	19	2	10	18	1	9	17	
9	9	18	2	11	20	4	13	22	6	15	24	8	17	1	10	19	3	12	21	5	14	23	7	16	
10	10	20	5	15	0	10	20	5	15	0	10	20	5	15	0	10	20	5	15	0	10	20	5	15	
11	11	22	8	19	5	16	2	13	24	10	21	7	18	4	15	1	12	23	9	20	6	17	3	14	
12	12	24	11	23	10	22	9	21	8	20	7	19	6	18	5	17	4	16	3	15	2	14	1	13	
13	13	1	14	2	15	3	16	4	17	5	18	6	19	7	20	8	21	9	22	10	23	11	24	12	
14	14	3	17	6	20	9	23	12	1	15	4	18	7	21	10	24	13	2	16	5	19	8	22	11	
15	15	5	20	10	0	15	5	20	10	0	15	5	20	10	0	15	5	20	10	0	15	5	20	10	
16	16	7	23	14	5	21	12	3	19	10	1	17	8	24	15	6	22	13	4	20	11	2	18	9	
17	17	9	1	18	10	2	19	11	3	20	12	4	21	13	5	22	14	6	23	15	7	24	16	8	
18	18	11	4	22	15	8	1	19	12	5	23	16	9	2	20	13	6	24	17	10	3	21	14	7	
19	19	13	7	1	20	14	8	2	21	15	9	3	22	16	10	4	23	17	11	5	24	18	12	6	
20	20	15	10	5	0	20	15	10	5	0	20	15	10	5	0	20	15	10	5	0	20	15	10	5	
21	21	17	13	9	5	1	22	18	14	10	6	2	23	19	15	11	7	3	24	20	16	12	8	4	
22	22	19	16	13	10	7	4	1	23	20	17	14	11	8	5	2	24	21	18	15	12	9	6	3	
23	23	21	19	17	15	13	11	9	7	5	3	1	24	22	20	18	16	14	12	10	8	6	4	2	
24	24	23	22	21	20	19	18	17	16	15	14	13	12	11	10	9	8	7	6	5	4	3	2	1	
Multiplication table for Z_13:
*	1	2	3	4	5	6	7	8	9	10	11	12	
1	1	2	3	4	5	6	7	8	9	10	11	12	
2	2	4	6	8	10	12	1	3	5	7	9	11	
3	3	6	9	12	2	5	8	11	1	4	7	10	
4	4	8	12	3	7	11	2	6	10	1	5	9	
5	5	10	2	7	12	4	9	1	6	11	3	8	
6	6	12	5	11	4	10	3	9	2	8	1	7	
7	7	1	8	2	9	3	10	4	11	5	12	6	
8	8	3	11	6	1	9	4	12	7	2	10	5	
9	9	5	1	10	6	2	11	7	3	12	8	4	
10	10	7	4	1	11	8	5	2	12	9	6	3	
11	11	9	7	5	3	1	12	10	8	6	4	2	
12	12	11	10	9	8	7	6	5	4	3	2	1	
